Time (seconds),Latency (ms)
0,6648.96779811916
0.375025323,6520.565929453567
0.750050646,6135.360323456788
1.125075969,6016.362013238382
1.500101292,5972.396706289743
1.875126615,5972.275528678225
2.250151938,5864.690258914589
2.625177261,5671.031838442689
3.000202584,0
3.375227907,6304.709124343494
3.75025323,6094.018633736717
4.125278553,5706.7567874518745
4.500303876,5334.107850713904
4.875329199,4962.029349499997
5.250354522,5638.023985561987
5.625379845,6872.402782366666
6.000405168,6634.05782887766
6.375430491,6251.7214592
6.750455814,5949.95597162849
7.125481137,5618.345681632652
7.50050646,5228.216725170213
7.8755317830000005,4890.248922764333
8.250557106,0
8.625582429000001,0
9.000607752,0
9.375633075,0
9.750658398,0
10.125683721000001,0
10.500709044,0
10.875734367,0
11.25075969,0
11.625785013000002,0
12.000810336,0
12.375835659,0
12.750860982,0
13.125886305000002,0
13.500911628,0
13.875936951,0
14.250962274,0
14.625987597000002,0
