Time (seconds),Insert Transactions,Batch Insert Transactions,Scan Transactions,Read/Modify/Write Transactions,Update Transactions,Batch Update Transactions,Read Transactions,Batch Read Transactions
0,0,0,0,0,0,0,7748.294170758074,0
0.198280202,0,0,0,0,0,0,7746.613048134781,0
0.396560404,0,0,0,0,0,0,7741.569680264902,0
0.594840606,0,0,0,0,0,0,7963.477866539596,0
0.793120808,0,0,0,0,0,0,7802.090094703454,0
0.9914010099999999,0,0,0,0,0,0,7928.17429145044,0
1.189681212,0,0,0,0,0,0,7665.91916221671,0
1.3879614139999998,0,0,0,0,0,0,7721.396208785384,0
1.586241616,0,0,0,0,0,0,8074.431959676943,0
1.784521818,0,0,0,0,0,0,7670.96253008659,0
1.9828020199999998,0,0,0,0,0,0,7968.521234409475,0
2.1810822219999997,0,0,0,0,0,0,7706.266105175746,0
2.379362424,0,0,0,0,0,0,7701.222737305866,0
2.577642626,0,0,0,0,0,0,7963.477866539596,0
2.7759228279999997,0,0,0,0,0,0,7837.39366979261,0
2.97420303,0,0,0,0,0,0,7958.434498669716,0
3.172483232,0,0,0,0,0,0,7670.96253008659,0
3.3707634339999997,0,0,0,0,0,0,7943.304395060078,0
3.569043636,0,0,0,0,0,0,7923.13092358056,0
3.767323838,0,0,0,0,0,0,7776.873255354058,0
3.9656040399999997,0,0,0,0,0,0,7837.39366979261,0
4.163884242,0,0,0,0,0,0,7660.875794346831,0
4.362164443999999,0,0,0,0,0,0,7938.261027190199,0
4.560444646,0,0,0,0,0,0,7953.391130799837,0
4.758724848,0,0,0,0,0,0,7877.740612751646,0
4.957005049999999,0,0,0,0,0,0,7807.133462573334,0
5.155285252,0,0,0,0,0,0,7756.69978387454,0
5.353565454,0,0,0,0,0,0,7933.217659320319,0
5.551845655999999,0,0,0,0,0,0,7882.783980621525,0
5.750125858,0,0,0,0,0,0,7832.350301922731,0
5.94840606,0,0,0,0,0,0,7797.046726833575,0
6.146686261999999,0,0,0,0,0,0,7797.046726833575,0
6.344966464,0,0,0,0,0,0,8023.998280978149,0
6.543246666,0,0,0,0,0,0,7827.306934052852,0
6.741526867999999,0,0,0,0,0,0,7862.610509142008,0
6.93980707,0,0,0,0,0,0,7691.136001566108,0
7.138087272,0,0,0,0,0,0,7786.959991093816,0
7.336367473999999,0,0,0,0,0,0,8034.085016717908,0
7.534647676,0,0,0,0,0,0,7716.352840915504,0
7.732927878,0,0,0,0,0,0,5683.8755893541,0
