Time (seconds),Read Transactions,Insert Transactions
0,7646.159870986659,114.0835253173198
0.26004339,7717.942763321153,130.7474110378272
0.52008678,7933.291440324632,180.73906819934936
0.78013017,7898.681831520502,165.35701984195794
1.04017356,7844.844662269632,173.04804402065363
1.3002169499999998,7833.308126001588,173.04804402065363
1.56026034,7817.926077644197,173.04804402065363
1.82030373,7902.52734360985,123.05638685913148
2.08034712,7887.145295252458,107.67433850174004
2.3403905099999998,7856.381198537675,103.82882641239219
2.6004338999999996,7844.844662269632,111.5198505910879
2.86047729,7821.771589733545,169.20253193130577
3.12052068,7829.46261391224,146.12945939521862
3.3805640699999997,7794.85300510811,196.1211165567408
3.64060746,7767.934420482675,188.4300923780451
3.90065085,7848.69017435898,176.8935561100015
4.16069424,7887.145295252458,165.35701984195794
4.42073763,7821.771589733545,188.4300923780451
4.6807810199999995,7883.29978316311,146.12945939521862
4.940824409999999,7848.69017435898,130.7474110378272
5.200867799999999,7794.85300510811,157.6659956632622
5.46091119,7833.308126001588,180.73906819934936
5.72095458,7856.381198537675,153.82048357391434
5.98099797,7764.088908393327,188.4300923780451
6.24104136,7817.926077644197,173.04804402065363
6.5010847499999995,7875.608758984415,180.73906819934936
6.761128139999999,7660.260081980934,230.73072536087153
7.021171529999999,7944.827976592676,188.4300923780451
7.28121492,7829.46261391224,226.88521327152367
7.54125831,7810.235053465501,176.8935561100015
7.8013017,7902.52734360985,115.36536268043577
8.06134509,7814.080565554848,173.04804402065363
8.32138848,7867.917734805719,149.97497148456648
8.58143187,7794.85300510811,219.19418909282794
8.84147526,7806.389541376153,142.28394730587078
9.10151865,7810.235053465501,153.82048357391434
9.361562039999999,7848.69017435898,126.90189894847934
9.621605429999999,7844.844662269632,153.82048357391434
9.881648819999999,7840.999150180284,130.7474110378272
10.141692209999999,7806.389541376153,161.51150775261007
