Time (seconds),Read Transactions,Batch Read Transactions,Insert Transactions,Batch Insert Transactions,Scan Transactions,Read/Modify/Write Transactions,Update Transactions,Batch Update Transactions
0,7775.192132730764,0,129.44644199357163,0,0,0,0,0
0.198280202,7766.786519614298,0,136.1709324867442,0,0,0,0,0
0.396560404,7741.569680264902,0,156.34440396626186,0,0,0,0,0
0.594840606,7963.477866539596,0,191.64797905541775,0,0,0,0,0
0.793120808,7802.090094703454,0,141.21430035662362,0,0,0,0,0
0.9914010099999999,7928.17429145044,0,156.34440396626186,0,0,0,0,0
1.189681212,7665.91916221671,0,191.64797905541775,0,0,0,0,0
1.3879614139999998,7721.396208785384,0,211.82145053493542,0,0,0,0,0
1.586241616,8074.431959676943,0,161.38777183614127,0,0,0,0,0
1.784521818,7670.96253008659,0,191.64797905541775,0,0,0,0,0
1.9828020199999998,7968.521234409475,0,151.30103609638243,0,0,0,0,0
2.1810822219999997,7706.266105175746,0,146.25766822650303,0,0,0,0,0
2.379362424,7701.222737305866,0,237.0382898843325,0,0,0,0,0
2.577642626,7963.477866539596,0,181.56124331565894,0,0,0,0,0
2.7759228279999997,7837.39366979261,0,121.04082887710595,0,0,0,0,0
2.97420303,7958.434498669716,0,126.08419674698537,0,0,0,0,0
3.172483232,7670.96253008659,0,141.21430035662362,0,0,0,0,0
3.3707634339999997,7943.304395060078,0,166.43113970602067,0,0,0,0,0
3.569043636,7923.13092358056,0,141.21430035662362,0,0,0,0,0
3.767323838,7776.873255354058,0,181.56124331565894,0,0,0,0,0
3.9656040399999997,7837.39366979261,0,196.69134692529718,0,0,0,0,0
4.163884242,7660.875794346831,0,151.30103609638243,0,0,0,0,0
4.362164443999999,7938.261027190199,0,181.56124331565894,0,0,0,0,0
4.560444646,7953.391130799837,0,110.95409313734713,0,0,0,0,0
4.758724848,7877.740612751646,0,141.21430035662362,0,0,0,0,0
4.957005049999999,7807.133462573334,0,141.21430035662362,0,0,0,0,0
5.155285252,7756.69978387454,0,115.99746100722653,0,0,0,0,0
5.353565454,7933.217659320319,0,146.25766822650303,0,0,0,0,0
5.551845655999999,7882.783980621525,0,201.7347147951766,0,0,0,0,0
5.750125858,7832.350301922731,0,161.38777183614127,0,0,0,0,0
5.94840606,7797.046726833575,0,166.43113970602067,0,0,0,0,0
6.146686261999999,7797.046726833575,0,90.78062165782947,0,0,0,0,0
6.344966464,8023.998280978149,0,131.1275646168648,0,0,0,0,0
6.543246666,7827.306934052852,0,121.04082887710595,0,0,0,0,0
6.741526867999999,7862.610509142008,0,216.86481840481483,0,0,0,0,0
6.93980707,7691.136001566108,0,166.43113970602067,0,0,0,0,0
7.138087272,7786.959991093816,0,151.30103609638243,0,0,0,0,0
7.336367473999999,8034.085016717908,0,196.69134692529718,0,0,0,0,0
7.534647676,7716.352840915504,0,146.25766822650303,0,0,0,0,0
7.732927878,5683.8755893541,0,136.1709324867442,0,0,0,0,0
