Time (seconds),Successful,Unsuccessful
0,1566.4052577276946,0
0.26004339,1572.8144445432742,0
0.52008678,1592.0420049900135,0
0.78013017,1434.3760093267513,0
1.04017356,1295.9375741102283,0
1.3002169499999998,1065.2068487493568,0
1.56026034,1207.4907960552275,0
1.82030373,1119.044018000227,0
2.08034712,988.2966069623997,0
2.3403905099999998,846.0126596565289,0
2.6004338999999996,872.9312442819639,0
2.86047729,792.1754904056589,0
3.12052068,672.9646156358752,0
3.3805640699999997,703.7287123506582,0
3.64060746,699.8832002613103,0
3.90065085,753.7203695121804,0
4.16069424,669.1191035465274,0
4.42073763,603.7453980276138,0
4.6807810199999995,538.3716925087002,0
4.940824409999999,480.68901116848235,0
5.200867799999999,492.2255474365259,0
5.46091119,526.8351562406566,0
5.72095458,469.15247490043873,0
5.98099797,426.8518419176123,0
6.24104136,438.3883781856559,0
6.5010847499999995,1288.2465499315326,0
6.761128139999999,2399.5995437530637,0
7.021171529999999,2222.705987643062,0
7.28121492,2407.2905679317596,0
7.54125831,2176.559842570888,0
7.8013017,2049.6579436224088,0
8.06134509,2126.568185409366,0
8.32138848,2291.925205251324,0
8.58143187,2238.088036000454,0
8.84147526,2249.624572268497,0
9.10151865,2257.315596447193,0
9.361562039999999,2122.722673320018,0
9.621605429999999,1895.8374600484942,0
9.881648819999999,1315.1651345569676,0
10.141692209999999,2122.722673320018,0
