Time (seconds),Read Transactions,Insert Transactions
0,0,0
0.375024091,7951.489175131418,207.9866383837192
0.750048182,7908.825249309117,223.9856105670822
1.125072273,7964.821651950888,151.99023574194865
1.500096364,7884.826791034073,303.9804714838973
1.875120455,7916.824735400798,303.9804714838973
2.250144546,7903.492258581329,231.98509665876372
2.625168637,7911.4917446730105,319.9794436672603
3.000192728,7895.492772489648,255.98355493380825
3.3752168190000003,7940.823193675843,223.9856105670822
3.75024091,7903.492258581329,247.98406884212673
4.125265001,7935.490202948055,247.98406884212673
4.500289092,7884.826791034073,287.98149930053427
4.875313183,7927.490716856374,271.98252711717123
5.250337274,7900.825763217435,239.9845827504452
5.625361365,7935.490202948055,239.9845827504452
6.000385456,7916.824735400798,199.98715229203768
6.375409547,7935.490202948055,247.98406884212673
6.7504336380000005,7898.159267853542,247.98406884212673
7.125457729,7927.490716856374,271.98252711717123
7.50048182,7903.492258581329,231.98509665876372
7.875505911,7943.489689039737,231.98509665876372
8.250530002,7898.159267853542,255.98355493380825
8.625554093,7914.158240036904,311.9799575755788
9.000578184,7914.158240036904,199.98715229203768
9.375602275,7946.1561844036305,215.9861244754007
9.750626366,7887.493286397967,279.9820132088528
10.125650457,7943.489689039737,223.9856105670822
10.500674548,7906.158753945223,223.9856105670822
10.875698639,7924.82422149248,295.98098539221576
11.25072273,7890.15978176186,255.98355493380825
11.625746821,7956.822165859206,199.98715229203768
12.000770912,7924.82422149248,159.98972183363014
12.375795003,7930.157212220268,279.9820132088528
12.750819094,7900.825763217435,231.98509665876372
13.125843185,7938.156698311949,247.98406884212673
13.500867276000001,7876.827304942391,303.9804714838973
13.875891367,7951.489175131418,191.9876662003562
14.250915458,7935.490202948055,159.98972183363014
14.625939549,7946.1561844036305,207.9866383837192
