Time (seconds),Successful,Unsuccessful
0,0,0
0.375024091,229.31860129486986,1522.5688527833802
0.750048182,277.31551784495895,1354.5796448580686
1.125072273,213.31962911150686,1530.5683388750617
1.500096364,351.9773880339863,1482.5714223249727
1.875120455,314.6464529394726,1378.578103133113
2.250144546,266.64953638938357,1471.9054408693974
2.625168637,370.64285558124317,1402.5765614081577
3.000192728,317.31294830336645,1530.5683388750617
3.3752168190000003,237.31808738655138,1447.906982594353
3.75024091,271.98252711717123,1453.2399733221405
4.125265001,303.9804714838973,1439.9074965026714
4.500289092,327.97892975894183,1429.241515047096
4.875313183,274.64902248106506,1557.2332925140001
5.250337274,274.64902248106506,1434.5745057748836
5.625361365,250.65056420602056,1495.903899144442
6.000385456,255.98355493380825,1541.234320330637
6.375409547,623.9599151511576,2002.5380182842707
6.7504336380000005,626.6264105150514,2034.5359626509967
7.125457729,706.6212714318665,2119.8638142955992
7.50048182,679.9563177929281,1986.5390461009076
7.875505911,583.9624846927501,2013.203999739846
8.250530002,682.622813156822,1914.5436712757742
8.625554093,730.619729706911,2013.203999739846
9.000578184,618.6269244233699,2037.2024580148905
9.375602275,498.6346330481473,1999.871522920377
9.750626366,573.2965032371746,2042.5354487426782
10.125650457,466.6366886814213,2029.2029719232091
10.500674548,455.9707072258459,2021.2034858315276
10.875698639,477.3026701369966,2143.862272570644
11.25072273,506.6341191398288,2007.8710090120583
11.625746821,445.3047257702706,2093.198860656661
12.000770912,410.64028603965073,2058.534420926041
12.375795003,514.6336052315103,1989.2055414648014
12.750819094,471.96967940920894,1970.5400739175448
13.125843185,399.97430458407536,2050.53493483436
13.500867276000001,501.3011284120411,1914.5436712757742
13.875891367,341.311406578411,2005.2045136481645
14.250915458,335.9784158506233,2021.2034858315276
14.625939549,426.6392582230137,1989.2055414648014
