Time (seconds),Latency (ms)
0,2850.120967023852
0.225368462,3005.4681388010617
0.450736924,3471.509654132691
0.6761053859999999,3722.125739561725
0.901473848,3639.661149284577
1.12684231,3431.6487930334706
1.3522107719999998,3214.1362450949105
1.5775792339999999,2996.760318675313
1.802947696,2782.4296167725615
2.028316158,2579.315333562288
2.25368462,2312.6815933887938
2.479053082,2146.5790319561593
2.7044215439999997,2757.3471399580353
2.9297900059999997,3404.831003475373
3.1551584679999998,3290.870701092746
3.38052693,3118.610321107051
3.605895392,3767.402625370795
3.831263854,3228.9132974295853
4.056632316,2243.2094721682065
4.282000778,2615.9474323635823
4.50736924,3689.530917857203
4.732737702,3478.269116907711
4.958106164,3194.932505436982
5.183474626,3024.07744000184
5.408843087999999,2745.745698757357
5.63421155,2515.807314062292
5.8595800119999994,2288.139006585778
6.084948474,2063.6865557508486
6.3103169359999995,1812.9445509581687
6.535685398,1562.2031799562417
6.76105386,1369.467630917833
6.986422322,1140.571043677723
7.211790784,908.9140944606755
7.437159245999999,675.3364755271907
7.662527708,439.26878035294135
7.887896169999999,298.5199927240508
8.113264632,0
8.338633094,0
8.564001556,0
8.789370018,0
