Time (seconds),Latency (ms)
0,0
0.375024091,35.64193848249625
0.750048182,34.577336982026154
1.125072273,26.585749759938835
1.500096364,31.47390128633722
1.875120455,37.181192732283456
2.250144546,36.55140695705525
2.625168637,30.316746607518784
3.000192728,28.15530987012986
3.3752168190000003,38.77200671518986
3.75024091,29.332111483771282
4.125265001,33.19341394801226
4.500289092,26.912132581183588
4.875313183,29.477421585152836
5.250337274,34.98620715912632
5.625361365,43.797191105343494
6.000385456,32.961395844213605
6.375409547,40.16930399390864
6.7504336380000005,43.100473390781495
7.125457729,41.41392547169816
7.50048182,35.81271504599999
7.875505911,40.1127466078029
8.250530002,38.06635618069818
8.625554093,37.839754885325554
9.000578184,36.162362369477954
9.375602275,42.26828775133405
9.750626366,43.377225867482124
10.125650457,34.65210491346152
10.500674548,37.6492937395049
10.875698639,38.17166272736521
11.25072273,60.12750097879106
11.625746821,36.09599023949575
12.000770912,35.85372272894171
12.375795003,38.55505576464325
12.750819094,39.95069945633186
13.125843185,36.609941914037
13.500867276000001,59.29294935871963
13.875891367,38.850477181818185
14.250915458,28.95258254072399
14.625939549,33.60138741611481
