Time (seconds),Latency (ms)
0,4698.839408840348
0.225368462,4918.871381049437
0.450736924,5578.967297676705
0.6761053859999999,5638.889315276961
0.901473848,5437.170295896001
1.12684231,5229.510988206215
1.3522107719999998,5008.709903777527
1.5775792339999999,4791.012070776453
1.802947696,4575.506412647512
2.028316158,4359.7929683968
2.25368462,4121.855716277527
2.479053082,3910.0938299194263
2.7044215439999997,4098.523104598003
2.9297900059999997,4304.200663164661
3.1551584679999998,4102.130392230984
3.38052693,3914.834234009014
3.605895392,4065.9050205001804
3.831263854,3708.4868749581715
4.056632316,3209.6320311405743
4.282000778,3583.289049960592
4.50736924,3692.7878678072607
4.732737702,3440.640060954418
4.958106164,3210.0863738156463
5.183474626,2980.103442794708
5.408843087999999,2745.9429802068944
5.63421155,2516.1884016808144
5.8595800119999994,2288.353966913241
6.084948474,2063.2333092404065
6.3103169359999995,1809.3704455332943
6.535685398,1587.1292051693558
6.76105386,1341.3851096498825
6.986422322,1140.9219051971202
7.211790784,914.9659748880304
7.437159245999999,675.4792235597564
7.662527708,439.42388550415086
7.887896169999999,298.58510935475596
8.113264632,0
8.338633094,0
8.564001556,0
8.789370018,0
