Time (seconds),Node3,Node4,Node1,Node2
0,1917.3639340243585,2038.419498086996,2117.8215347302316,1675.2528058990831
0.256080753,1940.7940431977722,1960.319134175617,2096.9947710205306,1768.973242592738
0.512161506,2011.0843707180134,1726.0180424414793,2034.514479891427,2050.1345526737027
0.768242259,1870.5037156775309,1975.9392069578928,1932.9840068066342,2057.944589064841
1.024323012,1858.788661090824,1979.8442251534616,1847.0736065041172,2143.854989367358
1.280403765,1968.1291705667547,2007.1793525224443,1987.6542615445996,1913.4589158287895
1.536484518,1972.0341887623238,1913.4589158287895,1987.6542615445996,1987.6542615445996
1.792565271,1991.5592797401687,1936.8890250022032,1850.9786246996862,2042.3245162825651
2.048646024,1921.2689522199273,2085.2797164338235,1929.0789886110651,1940.7940431977722
2.304726777,2061.84960726041,2022.7994253047202,1854.883642895255,1921.2689522199273
2.56080753,1944.699061393341,1784.5933153750138,2022.7994253047202,2077.4696800426855
2.816888283,2147.760007562927,1862.693679286393,2034.514479891427,1811.9284427439966
3.072969036,1995.4642979357375,1890.0288066553758,1874.4087338731,2073.564661847117
3.329049789,2030.609461695858,1913.4589158287895,1819.7384791351344,2050.1345526737027
3.585130542,2050.1345526737027,1909.5538976332205,1866.5986974819618,2011.0843707180134
3.841211295,2022.7994253047202,1901.7438612420826,1831.4535337218413,2057.944589064841
4.097292048,2120.4248801939443,2159.4750621496337,1768.973242592738,1870.5037156775309
4.353372801,1858.788661090824,2038.419498086996,1944.699061393341,1901.7438612420826
4.609453554,2003.2743343268755,2022.7994253047202,1854.883642895255,1929.0789886110651
4.865534307,1749.4481516148933,1925.1739704154963,2003.2743343268755,2128.234916585082
5.12161506,1921.2689522199273,1878.3137520686687,2034.514479891427,2038.419498086996
5.377695813,1968.1291705667547,1999.3693161313065,1843.1685883085481,1975.9392069578928
5.633776566,1964.224152371186,1827.5485155262722,2018.8944071091512,2038.419498086996
5.889857319,2100.899789216099,1804.1184063528585,2022.7994253047202,1921.2689522199273
6.145938072,1987.6542615445996,1925.1739704154963,1952.509097784479,2014.9893889135824
6.402018825,1964.224152371186,2061.84960726041,1972.0341887623238,1897.8388430465136
6.658099578,1913.4589158287895,1843.1685883085481,1995.4642979357375,2069.659643651548
6.914180331,1878.3137520686687,1835.3585519174103,1929.0789886110651,2186.8101895186164
7.170261084,1944.699061393341,1968.1291705667547,1999.3693161313065,1932.9840068066342
7.426341837,2081.3746982382545,1866.5986974819618,1932.9840068066342,2007.1793525224443
7.68242259,1862.693679286393,1960.319134175617,1944.699061393341,2077.4696800426855
7.938503343,1975.9392069578928,1835.3585519174103,1870.5037156775309,2085.2797164338235
8.194584096,2139.949971171789,1847.0736065041172,1858.788661090824,1983.7492433490306
8.450664848999999,1839.263570112979,2108.7098256072372,1854.883642895255,1948.60407958891
8.706745602,2046.229534478134,1776.7832789838758,1901.7438612420826,2100.899789216099
8.962826355,1968.1291705667547,1987.6542615445996,1882.2187702642377,2046.229534478134
9.218907108,1964.224152371186,1948.60407958891,1882.2187702642377,1987.6542615445996
9.474987860999999,1913.4589158287895,1808.0234245484276,2124.3298983895133,2026.7044435002892
9.731068614,2003.2743343268755,1753.353169810462,1944.699061393341,2120.4248801939443
9.987149367,1850.9786246996862,1901.7438612420826,1936.8890250022032,2151.6650257584956
