Time (seconds),Latency (ms)
0,15.962740409672353
0.267239651,14.935745893308368
0.534479302,11.854762344216416
0.8017189530000001,12.030451841121508
1.068958604,12.937964042313121
1.3361982550000002,10.568614597861457
1.6034379060000001,8.663925167687228
1.870677557,10.685472294421006
2.137917208,7.71438433426704
2.4051568590000003,7.691667110225145
2.6723965100000004,7.219188107930539
2.939636161,37.888632243959066
3.2068758120000003,69.03240736864211
3.4741154630000004,14.835411991988693
3.741355114,13.958677265887859
4.008594765000001,17.078962844506524
4.275834416,16.621653064186095
4.543074067,21.00706715067854
4.810313718000001,17.55363511241217
5.077553369,20.47084544030202
5.344793020000001,14.509086675675686
5.612032671000001,14.669273820392899
5.879272322,20.03498073383314
6.146511973000001,11.690715862956027
6.4137516240000005,10.450681627414026
6.680991275,9.681478976245895
6.948230926000001,8.38054452780353
7.2154705770000005,9.636186988758789
7.482710228,10.982147791765268
7.749949879000001,7.663192440875239
