Time (seconds),Total Hits Per Second,Total Misses Per Second
0,0,989.2665301430858
0.375025323,0,991.933016747245
0.750050646,0,999.9324765597228
1.125075969,0,983.9335569347672
1.500101292,0,991.933016747245
1.875126615,0,981.267070330608
2.250151938,0,986.6000435389265
2.625177261,0,994.5995033514043
3.000202584,0,991.933016747245
3.375227907,0,989.2665301430858
3.75025323,2.6664866041592608,1002.5989631638821
4.125278553,0,986.6000435389265
4.500303876,0,991.933016747245
4.875329199,0,989.2665301430858
5.250354522,0,986.6000435389265
5.625379845,0,999.9324765597228
6.000405168,0,991.933016747245
6.375430491,0,989.2665301430858
6.750455814,0,999.9324765597228
7.125481137,10.665946416637043,981.267070330608
7.50050646,0,986.6000435389265
7.8755317830000005,0,989.2665301430858
8.250557106,0,986.6000435389265
8.625582429000001,0,997.2659899555636
9.000607752,0,989.2665301430858
9.375633075,0,989.2665301430858
9.750658398,0,999.9324765597228
10.125683721000001,0,991.933016747245
10.500709044,0,991.933016747245
10.875734367,0,994.5995033514043
11.25075969,0,983.9335569347672
11.625785013000002,0,997.2659899555636
12.000810336,0,986.6000435389265
12.375835659,0,983.9335569347672
12.750860982,5.3329732083185215,1005.2654497680413
13.125886305000002,0,986.6000435389265
13.500911628,0,994.5995033514043
13.875936951,0,999.9324765597228
14.250962274,0,981.267070330608
14.625987597000002,0,999.9324765597228
