Time (seconds),Node1,Node2,Node3,Node4
0,1544.951690806394,2314.905852274652,2106.4466469863023,1795.4389616770716
0.198280202,1608.8343504915333,2259.428805705978,2098.0410338698366,1790.3955938071922
0.396560404,1800.482329546951,2092.997665999957,2072.8241945204395,1775.265490197554
0.594840606,1971.956837122851,2062.7374587806808,1866.0461118553835,2062.7374587806808
0.793120808,1946.739997773454,1977.0002049927305,1906.3930548144187,1971.956837122851
0.9914010099999999,1916.4797905541775,2057.694090910801,1951.7833656433336,2002.2170443421276
1.189681212,1815.6124331565893,1982.04357286261,1770.2221223276745,2098.0410338698366
1.3879614139999998,2183.7782876577867,1901.3496869445394,1951.7833656433336,1684.4848685397244
1.586241616,1926.5665262939365,2198.9083912674246,1971.956837122851,1977.0002049927305
1.784521818,1835.785904636107,1911.4364226842981,1951.7833656433336,1971.956837122851
1.9828020199999998,2007.260412212007,2138.3879768288716,1881.1762154650216,1941.6966299035746
2.1810822219999997,1921.523158424057,1966.9134692529717,1916.4797905541775,1901.3496869445394
2.379362424,1906.3930548144187,2027.4338836915247,1916.4797905541775,1850.9160082457452
2.577642626,1941.6966299035746,2133.3446089589925,1971.956837122851,1916.4797905541775
2.7759228279999997,1906.3930548144187,2007.260412212007,1956.826733513213,1966.9134692529717
2.97420303,1931.6098941638159,2007.260412212007,2027.4338836915247,1992.1303086023688
3.172483232,1775.265490197554,2118.214505349354,1881.1762154650216,1896.30631907466
3.3707634339999997,2052.6507230409215,2062.7374587806808,1961.8701013830923,1866.0461118553835
3.569043636,1835.785904636107,2007.260412212007,2092.997665999957,1987.0869407324894
3.767323838,1916.4797905541775,2022.3905158216453,1906.3930548144187,1931.6098941638159
3.9656040399999997,1775.265490197554,2113.171137479475,1881.1762154650216,2067.78082665056
4.163884242,1921.523158424057,1901.3496869445394,1946.739997773454,1891.2629512047804
4.362164443999999,2012.3037800818865,2032.477251561404,1881.1762154650216,2012.3037800818865
4.560444646,2178.734919787907,1941.6966299035746,2042.563987301163,1790.3955938071922
4.758724848,1946.739997773454,2037.5206194312834,1911.4364226842981,1982.04357286261
4.957005049999999,2032.477251561404,1901.3496869445394,2037.5206194312834,1835.785904636107
5.155285252,1977.0002049927305,2057.694090910801,1805.5256974168306,1916.4797905541775
5.353565454,2007.260412212007,1845.8726403758658,2052.6507230409215,2027.4338836915247
5.551845655999999,2042.563987301163,1825.699168896348,1992.1303086023688,2022.3905158216453
5.750125858,1850.9160082457452,2007.260412212007,2067.78082665056,1906.3930548144187
5.94840606,2123.2578732192337,1891.2629512047804,1820.6558010264687,1961.8701013830923
6.146686261999999,1866.0461118553835,1926.5665262939365,1951.7833656433336,2052.6507230409215
6.344966464,1855.9593761156245,1982.04357286261,2047.6073551710424,2138.3879768288716
6.543246666,2082.9109302601983,2042.563987301163,1916.4797905541775,1785.3522259373128
6.741526867999999,1906.3930548144187,2037.5206194312834,2012.3037800818865,1906.3930548144187
6.93980707,1966.9134692529717,1805.5256974168306,1861.002743985504,2057.694090910801
7.138087272,1941.6966299035746,1931.6098941638159,2103.0844017397158,1810.56906528671
7.336367473999999,2047.6073551710424,1982.04357286261,2027.4338836915247,1977.0002049927305
7.534647676,1850.9160082457452,1891.2629512047804,2077.8675623903187,1896.30631907466
7.732927878,1306.2322782987685,1427.2731071758744,1593.704246881895,1356.6659569975625
