Time (seconds),Total Hits Per Second,Total Misses Per Second
0,8241.042543994841,1733.774653572397
0.267239651,8221.085425680338,1657.6881399983565
0.534479302,8161.21407073683,1429.4285992762352
0.8017189530000001,7685.985190872741,1384.5250830686048
1.068958604,8108.826635161261,1287.2341312854055
1.3361982550000002,8254.76306283606,1193.6851391861755
1.6034379060000001,7641.081674665111,1021.5549937235922
1.870677557,8067.6650786376,946.7158000442082
2.137917208,8243.537183784152,853.1668079449781
2.4051568590000003,7779.534182971972,838.1989692091013
2.6723965100000004,8093.858796425385,729.6821383739945
2.939636161,7876.82513475517,624.9072672228568
3.2068758120000003,7476.435448570466,718.4562593220868
3.4741154630000004,7180.8206335369,3038.471263382992
3.741355114,6207.9111157049065,4333.189314036336
4.008594765000001,5755.133993944633,4146.091329837876
4.275834416,5979.651574982785,4834.611911688209
4.543074067,6065.716647714077,4119.897612050092
4.810313718000001,6035.780970242324,3678.3463693417257
5.077553369,5983.393534666754,4460.415943291289
5.344793020000001,6937.593254078901,3820.5408373325554
5.612032671000001,7349.208819315513,1811.108487041094
5.879272322,8438.119087350551,1736.26929336171
6.146511973000001,8262.246982203998,1466.8481961159273
6.4137516240000005,7487.661327622373,1406.97684117242
6.680991275,8367.021853355136,1227.3627763418983
6.948230926000001,8172.439949788738,1152.5235826625144
7.2154705770000005,7584.952279405573,1058.9745905632842
7.482710228,8198.633667576521,1032.7808727754998
7.749949879000001,8179.923869156676,928.0060016243622
