Time (seconds),Node1,Node2,Node3,Node4,Node5,Node6,Node7
0,0,0,0,0,0,0,0
0.375026051,0.9230769230769231,0.8711217183770883,0.8590909090909091,0.8597701149425288,0.8897058823529411,0.8554778554778555,0.9032258064516129
0.750052102,0.9142857142857143,0.8969849246231156,0.8875878220140515,0.8561320754716981,0.8639798488664987,0.858139534883721,0.896551724137931
1.125078153,0.884318766066838,0.889763779527559,0.8707482993197279,0.8706896551724138,0.8621495327102804,0.8151898734177215,0.9111531190926276
1.500104204,0.9025522041763341,0.9017632241813602,0.8538812785388128,0.8633093525179856,0.8657074340527577,0.8179775280898877,0.9232323232323232
1.8751302550000002,0.9112903225806451,0.8706697459584296,0.8519417475728155,0.8666666666666667,0.8844339622641509,0.8418708240534521,0.9178832116788321
2.250156306,0.931924882629108,0.865,0.8542199488491049,0.8341013824884793,0.8718535469107551,0.8680089485458613,0.8970873786407767
2.6251823570000004,0.9095354523227384,0.8902743142144638,0.8768115942028986,0.8418708240534521,0.8780487804878049,0.8352668213457076,0.8931297709923665
3.000208408,0.8988505747126436,0.8752941176470588,0.8891625615763546,0.8680555555555556,0.9066985645933014,0.8910891089108911,0.90625
3.375234459,0.9070796460176991,0.8855721393034826,0.8850855745721271,0.8337349397590361,0.8794326241134752,0.8325471698113207,0.9192307692307692
3.7502605100000004,0.8997821350762527,0.8955613577023499,0.863080684596577,0.8275058275058275,0.8540145985401459,0.8568129330254042,0.9094269870609981
4.125286561,0.8873563218390804,0.8954081632653061,0.8768115942028986,0.8784119106699751,0.8868894601542416,0.810989010989011,0.9041353383458647
4.500312612,0.9152119700748129,0.8990147783251231,0.8818181818181818,0.8587443946188341,0.8819095477386935,0.8236714975845411,0.9155722326454033
4.875338663,0.9214285714285714,0.8870588235294118,0.8904428904428905,0.8494897959183674,0.8786407766990292,0.849015317286652,0.9271255060728745
5.250364714000001,0.8856502242152466,0.8944954128440367,0.8560411311053985,0.864367816091954,0.875,0.8439716312056738,0.9116541353383458
5.625390765000001,0.9146341463414634,0.8905472636815921,0.8785529715762274,0.8585131894484412,0.8551401869158879,0.8413793103448276,0.9109461966604824
6.000416816,0.9137931034482759,0.9170616113744076,0.8721804511278195,0.8936170212765957,0.8807106598984772,0.8371040723981901,0.9153846153846154
6.375442867,0,0.8743961352657005,0.8788598574821853,0.844059405940594,0.8912529550827423,0.831858407079646,0.933206106870229
6.750468918,0,0.8859649122807017,0.8863049095607235,0.8663883089770354,0.8930957683741648,0.8442437923250564,0.8996138996138996
7.125494969000001,0,0.9004854368932039,0.8992628992628993,0.8584474885844748,0.8737373737373737,0.8409090909090909,0.9063745019920318
7.500521020000001,0,0.8699763593380615,0.8737373737373737,0.8697674418604651,0.8807785888077859,0.8386363636363636,0.8952569169960475
7.875547071000001,0,0.8997613365155132,0.8960396039603961,0.8704545454545455,0.8728606356968215,0.8454106280193237,0.9247524752475248
8.250573122,0,0.8753180661577609,0.8552631578947368,0.8345498783454988,0.8801955990220048,0.8482142857142857,0.9
8.625599173000001,0,0.8817966903073287,0.900497512437811,0.8963855421686747,0.910411622276029,0.8337730870712401,0.9409660107334525
9.000625224,0,0.8708860759493671,0.8880778588807786,0.868663594470046,0.8709677419354839,0.8153846153846154,0.9127134724857685
9.375651275000001,0.3489208633093525,0.8711217183770883,0.8589743589743589,0.8647342995169082,0.889168765743073,0.852017937219731,0.9050387596899225
9.750677326,0.3709090909090909,0.8943661971830986,0.8689320388349514,0.8948598130841121,0.8964646464646465,0.8653366583541147,0.9047619047619048
10.125703377,0.3082191780821918,0.8924205378973105,0.9009661835748792,0.847926267281106,0.8668341708542714,0.8389423076923077,0.8961748633879781
10.500729428000001,0.3523809523809524,0.884020618556701,0.8693467336683417,0.8578199052132701,0.8644501278772379,0.835214446952596,0.9154135338345865
10.875755479,0.32688172043010755,0.8953771289537713,0.8641686182669789,0.8938271604938272,0.8786407766990292,0.8257080610021786,0.91015625
11.250781530000001,0.35119047619047616,0.8923766816143498,0.8951048951048951,0.8687782805429864,0.8721804511278195,0.8665105386416861,0.9281183932346723
11.625807581,0.3393939393939394,0.8778054862842892,0.8465473145780051,0.8926940639269406,0.875,0.824390243902439,0.9023941068139963
12.000833632,0.3605313092979127,0.8947368421052632,0.8746803069053708,0.8557919621749409,0.8734177215189873,0.8532731376975169,0.9230769230769231
12.375859683000002,0.34375,0.8666666666666667,0.8644859813084113,0.8775510204081632,0.8888888888888888,0.8344086021505376,0.9461077844311377
12.750885734,0.3543788187372709,0.8725490196078431,0.900709219858156,0.891832229580574,0.8643617021276596,0.8344370860927153,0.9282868525896414
13.125911785000001,0.3372365339578454,0.892271662763466,0.8886138613861386,0.8671497584541062,0.8759124087591241,0.8254310344827587,0.912
13.500937836,0.3453815261044177,0.8875305623471883,0.8909574468085106,0.8732718894009217,0.9022556390977443,0.8395348837209302,0.900398406374502
13.875963887000001,0.4,0.8971291866028708,0.8766404199475065,0.8470588235294118,0.8461538461538461,0.8524590163934426,0.9113680154142582
14.250989938000002,0.4004237288135593,0.8886198547215496,0.8532338308457711,0.8665158371040724,0.8822115384615384,0.8177458033573142,0.9054820415879017
14.626015989,0.3416289592760181,0.8817733990147784,0.8637469586374696,0.8855140186915887,0.87468671679198,0.8477272727272728,0.8897485493230174
