Time (seconds),Node1,Node2,Node3,Node4
0,3801.445044032228,3945.5965806656495,3966.8600144409747,3837.6310282320796
0.256080753,3831.616666666667,3972.6940966010734,3995.437398373984,3863.281198003328
0.512161506,3922.131534569983,4053.9866444073455,4081.1695501730105,3940.231707317073
0.768242259,3998.994871794872,4123.162561576355,4147.173144876325,4006.0151260504203
1.024323012,4061.835589941973,4197.170653907496,4212.050656660413,4072.503623188406
1.280403765,4120.587030716723,4273.093639575972,4279.923728813559,4135.912251655629
1.536484518,4187.239057239057,4330.48801369863,4336.91388400703,4195.536283185841
1.792565271,4246.506796116505,4388.9625,4393.427027027027,4258.722935779817
2.048646024,4296.880866425993,4428.469424460432,4440.553153153153,4309.674876847291
2.304726777,4339.788118811881,4474.8792452830185,4493.381944444444,4373.741197183099
2.56080753,4376.458333333333,4518.045685279188,4536.833948339483,4425.548449612403
2.816888283,4422.596428571429,4552.298568507157,4573.751286449399,4464.246575342466
3.072969036,4461.754253308129,4586.1750433275565,4610.398550724638,4498.294230769231
3.329049789,4497.3963414634145,4621.692870201097,4642.519056261343,4531.231213872832
3.585130542,4531.55,4650.983899821109,4667.649727767695,4565.26070763501
3.841211295,4562.384769539078,4683.614973262032,4696.33865248227,4593.021235521235
4.097292048,4583.63025210084,4707.7784431137725,4729.019400352734,4612.776014109348
4.353372801,4606.859550561798,4728.888671875,4753.640316205534,4633.691470054447
4.609453554,4636.163021868787,4749.943469785575,4773.352830188679,4653.540642722117
4.865534307,4660.685454545454,4769.952714535902,4795.454352441614,4669.640232108317
5.12161506,4684.421052631579,4789.603669724771,4809.165009940358,4690.79324055666
5.377695813,4701.886178861789,4814.632075471698,4825.093511450382,4711.667289719626
5.633776566,4717.5951035781545,4831.766791044776,4841.442748091603,4726.197505197505
5.889857319,4741.745454545455,4850.091796875,4865.348591549296,4741.80412371134
6.145938072,4760.266924564797,4864.389097744361,4887.054511278196,4756.874263261297
6.402018825,1136.398891966759,4878.184,4904.258687258687,4768.228624535316
6.658099578,0,4892.199268738574,4919.611881188119,4776.126789366053
6.914180331,0,4902.841269841269,4929.6619144602855,4787.002100840336
7.170261084,0,4912.89504950495,4943.28125,4800.350574712644
7.426341837,0,4922.796963946869,4954.388990825688,4811.602040816327
7.68242259,0,4932.181818181818,4964.2546201232035,4821.242248062015
7.938503343,0,4938.430402930403,4972.800773694391,4831.203319502075
8.194584096,0,4947.814814814815,4979.01996370236,4840.925
8.450664848999999,0,4954.782778864971,4982.376842105263,4847.314442413162
8.706745602,0,4963.977900552486,4987.6433962264155,4852.99128540305
8.962826355,0,4969.718574108818,4992.625,4857.314671814672
9.218907108,0,4974.96875,4998.371819960861,4864.598814229249
9.474987860999999,90.55125899280576,4977.563218390805,5005.170340681363,4871.5605095541405
9.731068614,455.33868974042025,4981.114545454546,5010.657032755299,4875.344444444445
9.987149367,788.2223451327434,4985.317689530686,5017.18125,4878.868421052632
