Time (seconds),Node3,Node4,Node1,Node2
0,0.8202206801700426,0.8658008658008658,0.8134472285497343,0.8087121212121212
0.198280202,0.8313953488372093,0.8636363636363636,0.8225,0.8125
0.396560404,0.8649193548387096,0.8571428571428571,0.8496583143507973,0.8238636363636364
0.594840606,0.8296460176991151,0.8406374501992032,0.8402489626556017,0.8729166666666667
0.793120808,0.8695652173913043,0.8903803131991052,0.8431372549019608,0.8521739130434782
0.9914010099999999,0.8643326039387309,0.874468085106383,0.8798185941043084,0.871900826446281
1.189681212,0.8648648648648649,0.870020964360587,0.906801007556675,0.8943820224719101
1.3879614139999998,0.8964757709251101,0.8802992518703242,0.8689788053949904,0.8733624454148472
1.586241616,0.8941441441441441,0.8703296703296703,0.9069767441860465,0.8888888888888888
1.784521818,0.9055299539170507,0.901565995525727,0.8798076923076923,0.8830275229357798
1.9828020199999998,0.927007299270073,0.9013761467889908,0.8817204301075269,0.9083333333333333
2.1810822219999997,0.9160671462829736,0.9436274509803921,0.913953488372093,0.9320843091334895
2.379362424,0.9077306733167082,0.905852417302799,0.8987654320987655,0.8922018348623854
2.577642626,0.9249448123620309,0.933184855233853,0.9205298013245033,0.9352226720647774
2.7759228279999997,0.9354066985645934,0.918854415274463,0.9195121951219513,0.9209302325581395
2.97420303,0.9248826291079812,0.918854415274463,0.9394673123486683,0.9474940334128878
3.172483232,0.9462102689486552,0.919431279620853,0.9479166666666666,0.9472527472527472
3.3707634339999997,0.9404466501240695,0.9357326478149101,0.037296037296037296,0.92018779342723
3.569043636,0.9415584415584416,0.954233409610984,0,0.9655172413793104
3.767323838,0.9242053789731052,0.9490291262135923,0,0.955607476635514
3.9656040399999997,0.9203980099502488,0.9493087557603687,0,0.9407744874715261
4.163884242,0.9587155963302753,0.9284009546539379,0,0.9552941176470588
4.362164443999999,0.94,0.9373549883990719,0,0.9354838709677419
4.560444646,0.9509345794392523,0.9507772020725389,0,0.931924882629108
4.758724848,0.9414634146341463,0.9592326139088729,0,0.9490740740740741
4.957005049999999,0.9509345794392523,0.9714285714285714,0,0.9597989949748744
5.155285252,0.9532467532467532,0.9573934837092731,0,0.9721577726218097
5.353565454,0.9545454545454546,0.9695550351288056,0.2722095671981777,0.9496221662468514
5.551845655999999,0.9692671394799054,0.9667458432304038,0.5789473684210527,0.9765625
5.750125858,0.9694835680751174,0.9605911330049262,0.5773026315789473,0.963855421686747
5.94840606,0.9568733153638814,0.9657701711491442,0.5174603174603175,0.9791666666666666
6.146686261999999,0.9648711943793911,0.9675925925925926,0.6740547588005215,0.9754299754299754
6.344966464,0.9594272076372315,0.9732142857142857,0.564748201438849,0.9800498753117207
6.543246666,0.9651741293532339,0.9785522788203753,0.6260623229461756,0.9696969696969697
6.741526867999999,0.9808612440191388,0.9795918367346939,0.5916515426497277,0.9761336515513126
6.93980707,0.964735516372796,0.9813953488372092,0.7253521126760564,0.9844961240310077
7.138087272,0.9703196347031964,0.9891891891891892,0.708838821490468,0.9729064039408867
7.336367473999999,0.9787234042553191,0.9778869778869779,0.6722129783693843,0.9853300733496333
7.534647676,0.9976415094339622,0.9872122762148338,0.6624775583482945,0.9717948717948718
7.732927878,0.981651376146789,0.9928825622775801,0.7785888077858881,0.9768211920529801
