Time (seconds),Node2,Node3,Node4,Node1
0,3923.6215802777588,3989.2910846673926,3999.571495477359,4007.561793676544
0.267239651,3960.0684039087946,4024.721902017291,4033.6745655608215,4041.1745350500714
0.534479302,4069.4088748019017,4131.014354066986,4135.98377581121,4142.012759170654
0.8017189530000001,4171.20367278798,4234.4098360655735,4216.006600660066,4234.4187192118225
1.068958604,4265.739616613419,4322.511824324324,4306.105845181674,4319.771212121213
1.3361982550000002,4349.052816901409,4420.060205580029,4394.800978792822,4411.877828054298
1.6034379060000001,4420.36287625418,4504.48731884058,4473.510033444816,4505.950617283951
1.870677557,4487.812612612613,4568.440129449838,4541.294019933554,4577.706624605678
2.137917208,4560.849683544304,4637.829679595278,4608.105704697987,4656.9688524590165
2.4051568590000003,4618.868131868132,4700.778309409889,4678.57091561939,4719.535776614311
2.6723965100000004,4666.081395348837,4754.604569420035,4734.66339869281,4780.568695652174
2.939636161,4718.572202166065,4803.293165467626,4793.825878594249,4839.3432835820895
3.2068758120000003,4740.921818181818,4827.425724637681,4821.311594202899,4867.55223880597
3.4741154630000004,4810.04105090312,4884.883830455259,4889.57,1031.8790960451977
3.741355114,4862.454385964912,4923.811475409836,4935.782456140351,0
4.008594765000001,4903.934944237918,4965.378571428571,4979.271719038817,0
4.275834416,4943.763671875,5003.66371681416,5023.510433386838,0
4.543074067,4981.006451612903,5040.056338028169,5062.1502890173415,0
4.810313718000001,5022.445422535211,5078.179229480737,5084.811151079137,0
5.077553369,5063.8783542039355,5111.82745825603,5119.628070175439,0
5.344793020000001,5097.429616087751,5141.585924713584,5150.023809523809,5.949512843224092
5.612032671000001,5133.939508506616,5178.146596858639,5177.3821292775665,284.59634146341466
5.879272322,5163.336501901141,5204.690166975881,5205.416666666667,629.1009174311927
6.146511973000001,5195.343511450382,5226.1625441696115,5239.076388888889,1029.0802997858673
6.4137516240000005,5221.074007220217,5245.88679245283,5267.1865384615385,1349.4036222509703
6.680991275,5246.326007326007,5267.966725043782,5292.721934369602,1623.9354838709678
6.948230926000001,5268.848771266541,5290.401486988848,5305.903553299492,1922.667865707434
7.2154705770000005,5284.901234567901,5310.974591651543,5320.713725490196,2169.2727272727275
7.482710228,5306.162062615102,5342.934046345811,5347.20895522388,2398.875453446191
7.749949879000001,5329.4953271028035,5365.654929577465,5367.923913043478,2638.9088575096275
