Time (seconds),Fraction of Read Requests
0,0.18008043784530545
0.400102655,0.16916215355208666
0.80020531,0.13640730067243034
1.200307965,0.12058542793509386
1.60041062,0.10596241088788075
2.000513275,0.08861557868180385
2.40061593,0.07856914723730438
2.800718585,0.06829111894838089
3.20082124,0.06800127105179536
3.6009238949999998,0.061053984575835475
4.00102655,0.04815864022662889
4.401129205,0.05221267112384591
4.80123186,0.04249201277955272
5.201334514999999,0.03527168732125834
5.60143717,0.030430560051796698
6.001539825,0.023395510591210877
6.40164248,0.025151225724291626
6.801745134999999,0.018595703751202307
7.2018477899999995,0.01813553929366847
7.601950445,0.01227390180878553
8.0020531,0.015413652091852784
8.402155754999999,0.2424435252943048
8.80225841,0.25406958187041173
9.202361065,0.25705229793977813
9.60246372,0.2604335166612747
10.002566374999999,0.24968434343434343
10.402669029999998,0.25008015389547933
10.802771685,0.239640218438805
11.20287434,0.24633524537922244
11.602976994999999,0.26295210166177907
12.00307965,0.2511729746637473
12.403182305,0.19310564953718481
12.80328496,0.18909438775510204
13.203387614999999,0.14466603355492244
13.603490269999998,0.14037905557340186
14.003592925,0.1169811320754717
14.403695579999999,0.09929757343550447
14.803798234999999,0.08876811594202899
15.20390089,0
15.604003545,0
