Time (seconds),Fraction of Read Requests
0,0.2162471621755009
0.198280202,0.20909090909090908
0.396560404,0.18762214983713354
0.594840606,0.18682710576314124
0.793120808,0.15901745313510018
0.9914010099999999,0.15012722646310434
1.189681212,0.13223684210526315
1.3879614139999998,0.14435009797517961
1.586241616,0.12617114303560276
1.784521818,0.1222879684418146
1.9828020199999998,0.10886075949367088
2.1810822219999997,0.08115183246073299
2.379362424,0.10609037328094302
2.577642626,0.08359721342621912
2.7759228279999997,0.08236808236808237
2.97420303,0.07160963244613434
3.172483232,0.06574621959237344
3.3707634339999997,0.3053968253968254
3.569043636,0.27180140038192235
3.767323838,0.2924773022049287
3.9656040399999997,0.277992277992278
4.163884242,0.29493087557603687
4.362164443999999,0.3036848792884371
4.560444646,0.31769181991122386
4.758724848,0.2874519846350832
4.957005049999999,0.291343669250646
5.155285252,0.28543563068920674
5.353565454,0.26573426573426573
5.551845655999999,0.22776711452335252
5.750125858,0.19381841596909208
5.94840606,0.22121604139715395
6.146686261999999,0.1869340232858991
6.344966464,0.17536140791954746
6.543246666,0.19265463917525774
6.741526867999999,0.16100064143681847
6.93980707,0.14622950819672131
7.138087272,0.12694300518134716
7.336367473999999,0.13873195229127433
7.534647676,0.13398692810457516
7.732927878,0.0940550133096717
