Time (seconds),Node5,Node6,Node7,Node1,Node2,Node3,Node4
1,4547,4572,4542,3793,4308,4609,4629
2,2002,2030,2123,2301,2016,2110,2045
3,742,670,730,835,629,730,701
4,224,251,225,366,242,205,234
5,84,87,91,155,72,95,85
6,37,56,41,70,39,53,47
7,26,11,31,40,22,35,25
8,14,13,20,20,14,17,16
9,19,13,16,18,12,16,19
10,8,9,6,8,10,12,11
11,3,10,3,6,9,7,6
12,4,8,8,10,7,3,6
13,5,2,8,5,5,7,6
14,6,3,3,3,6,9,6
15,3,5,6,6,2,5,3
16,3,2,6,5,6,1,6
17,4,4,1,1,2,3,1
18,1,2,4,0,1,5,1
19,6,2,1,5,3,0,0
20,3,1,0,4,1,2,1
21,1,1,1,2,2,4,1
22,1,1,4,2,1,1,2
23,2,0,1,1,1,0,3
24,1,3,2,4,0,2,0
25,1,1,1,1,5,1,0
26,2,2,2,0,0,1,1
27,2,3,1,1,1,3,1
28,2,1,0,1,1,0,4
29,1,0,0,1,0,0,0
30,1,0,2,0,2,1,0
31,1,0,0,1,1,1,0
32,1,0,0,0,3,1,1
33,1,0,0,1,0,0
34,1,0,0,1,2,0,0
35,1,2,0,2,1,1,2
36,2,0,0,0,0,1,0
37,1,0,0,1,0,0
38,2,0,0,1,1,0,0
39,1,0,0,1,0,1,0
40,1,0,0,1,0,0,2
41,2,0,0,0,1,0
42,1,0,1,0,1,1,1
43,1,1,1,1,1,1,0
44,1,0,0
45,2,0,0,0,0,0,1
46,1,0,0
47,1,0,1,0,0
48,2,0,0
50,1,0,0,0,0,0,0
51,1,0,0,0,0,0,1
52,1,0,0,0,1,0,0
53,1,0,0
54,2,0,1,1,1,1,0
55,1,0
56,2,0,0,2,0,0,0
57,1,0,0,0
58,1,1,0,0,1,0,0
59,1,0,0,0,0,0,0
60,1,0,0,0,0,0,0
61,1,0,0,0,0,1,0
63,1,1,1,0,2,0,0
64,1,0
65,1,0,0,0,0,0,0
66,1,0,0,0,1,0
68,1,0,1,0,0
69,1,0,0,0,0,0,0
74,1,0,0
75,1,0,0,0,0,0
76,2,0,0,0,1,1,0
77,1,0
78,1,0,0,1,0,0,0
79,1,0,0,0,0,0,1
81,1,0,0,0,0,0,0
83,1,0,0,0,0,0
86,1,0,0,0
88,1,0,0,0,0,0
89,1,0,1,0,0,0,0
90,1,0,0,0
91,1,0,0,0,0,0,0
95,1,0,0,0,0
96,1,0,0,0
98,1,0,0,0,0
99,1,0,0,0,0,1,0
103,1,0,0,1,0,0,0
109,1,0,0,0,0,0
110,1,0,0,0,0
118,1,0,0,0,0,0
119,1,0,0,0,0,0,0
121,1,0
122,1,0,0,0,0,0,0
132,1,0,0,0,0,0,0
134,1,0,0,0,0,0,0
135,1,0,0,0,0,0,0
136,1,0,0,0,0
140,1,0
142,1,0,0,0,0,0
145,1,0,0,0,0,0,0
153,1,0,0,0,0,0,0
154,1,0,0,0,0,0,0
161,1,0,0
172,1,0,0,1,0
187,1,1,0,0,0,0,0
195,1,0
218,1,0,0,0,0,0,0
221,1,0,0,0,0,0,0
235,1,0,0,0,0
239,1,0
260,1,0
276,1,0
282,1,0,0,0,0
291,1,0
319,1,0,0,0,0,0,0
331,1,0,0,0,0,0
348,1,0
428,1,0,0,0,0
507,1,0,0,0,0
519,1,0,0,0
545,1,0
602,1,0,0,0,0,0,0
727,1,0,0
868,1,0,0
997,1,0,0
1374,1,0,0,0,0,0,0
1894,1,0
2304,1,0
4555,1,0,0,0,0,0
