Time (seconds),Node1,Node2,Node3,Node4,Node5,Node6,Node7
0,0,0,0,0,0,0,0
0.375034468,14265.771812080537,14258.43486973948,14246.277777777777,14246.442211055277,14252.035087719298,14260.795045045044,14261.138014527845
0.750068936,14263.737417943108,14251.2049689441,14245.791666666666,14246.601583113457,14252.043902439025,14261.958536585365,14259.102870813396
1.125103404,14263.332530120482,14252.010917030568,14246.5786407767,14246.358395989975,14249.557268722467,14261.256544502618,14256.866983372922
1.500137872,14259.90807174888,14250.622559652928,14246.923518164436,14243.884875846501,14248.600917431193,14260.54326923077,14256.707317073171
1.87517234,14258.064732142857,14250.26170212766,14243.001908396947,14243.586563307494,14248.433414043584,14259.135,14254.22037914692
2.250206808,14260.633187772926,14248.483333333334,14243.451143451144,14244.754257907543,14246.58758314856,14255.974747474747,14255.224043715847
2.625241276,14250.654589371981,14248.719587628866,14243.285988483685,14244.547872340425,14248.19540229885,14240.713947990544,14252.571782178218
3.000275744,14239.47393364929,14252.124248496993,14244.756972111554,14243.715012722647,14248.491031390135,14225.937649880096,14254.048387096775
3.375310212,14237.832214765102,14241.136460554371,14239.231884057972,14246.240875912408,14248.140229885057,14223.581632653062,14253.007334963326
3.75034468,14238.16247139588,14240.641203703704,14237.557956777997,14250.95739348371,14245.38986784141,14223.03664921466,14242.88409090909
4.125379148,14238.593457943925,14242.106575963719,14239.08984375,14249.409921671018,14241.934090909092,14222.933823529413,14241.36124401914
4.500413616,14238.597647058823,14239.89705882353,14239.701219512195,14248.587064676616,14241.28537735849,14222.426735218509,14242.452784503632
4.875448084,14237.98233995585,14240.799586776859,14237.972440944883,14248.744303797468,14240.265151515152,14222.101234567901,14242.630922693266
5.250482552,14236.513215859031,14241.354166666666,14237.745562130178,14247.967741935483,14240.324050632911,14221.134986225896,14243.534988713318
5.62551702,14236.650485436894,14239.581140350878,14237.815324165029,14248.9925,14241.306603773584,14219.05412371134,14243.13679245283
6.000551488,14202.674641148325,14241.574514038877,14242.106463878326,14247.80193236715,14240.72261072261,14222.535135135135,14240.994832041344
6.375585956,0,14244.367010309279,14245.614366729678,14248.849056603774,14239.492857142857,14231.091152815014,14241.061425061425
6.750620424,0,14249.285429141717,14246.053784860558,14249.869109947644,14242.752336448599,14240.52709359606,14242.241558441558
7.125654892,0,14253.013303769401,14247.473895582329,14250.383419689118,14248.305489260143,14244.545454545454,14242.65012406948
7.50068936,0,14253.642701525054,14233.421052631578,14234.48695652174,14242.014705882353,14250.74,14251.155
7.875723828,0,14250.324894514768,14225.33611691023,14226.955916473318,14241.248210023867,14251.520775623268,14257.239074550129
8.250758296,0,14224.896551724138,14209.381156316917,14222.394329896908,14224.70938215103,14234.991666666667,14225.781862745098
8.625792764,0,14189.158458244112,14187.160984848484,14220.84554973822,14200.926174496644,14206.214854111406,14181.764568764569
9.000827232,0,14193.177011494254,14193.252525252525,14221.290322580646,14203.429844097995,14208.020512820513,14186.037974683544
9.3758617,48.7773654916512,14196.512765957446,14194.30947368421,14220.679347826086,14202.724669603524,14206.743209876544,14185.797647058824
9.750896168,144.0487804878049,14189.014227642276,14193.623404255319,14211.921832884096,14202.304824561403,14206.0291005291,14183.565533980582
10.125930636,236.2754491017964,14191.135983263599,14190.884543761638,14217.138686131388,14199.152709359605,14206.13223140496,14181.602564102564
10.500965104,314.09362549800795,14193.325051759834,14189.843687374749,14217.661538461538,14200.432372505544,14205.66757493188,14181.754010695187
10.875999572,392.4402390438247,14199.70305676856,14195.7578125,14224.509216589862,14203.608899297424,14208.690476190477,14183.0475
11.25103404,476.38475177304963,14204.086167800453,14197.933198380566,14231.202380952382,14207.920792079209,14215.743455497382,14188.017543859649
11.626068508,570.899419729207,14210.914046121594,14204.135353535354,14236.523684210526,14212.011415525114,14224.379032258064,14193.009708737864
12.001102976,644.2474012474013,14215.788912579957,14210.871635610765,14242.824427480917,14214.940366972478,14235.430348258706,14201.85421994885
12.376137444000001,727.1271347248577,14219.442265795207,14216.754,14246.776649746193,14217.849765258215,14244.02544529262,14208.132211538461
12.751171912,798.5708582834332,14224.599580712787,14225.328685258964,14246.417989417989,14222.133971291865,14245.685039370079,14212.152542372882
13.126206380000001,868.4735812133073,14227.6244813278,14232.755364806866,14248.131188118812,14229.13404255319,14247.020231213874,14217.532085561497
13.501240848,949.8247619047619,14235.269473684211,14238.814741035856,14249.057742782152,14234.71497584541,14248.370473537605,14227.454761904763
13.876275316000001,1016.0588235294117,14241,14244.03550295858,14248.503703703704,14236.977777777778,14248.679197994987,14233.946700507615
14.251309784,1084.7739130434782,14242.984162895928,14243.329501915709,14245.936507936507,14242.833333333334,14247.46335078534,14238.562352941177
14.626344252,1147.635477582846,14249.352549889136,14243.381139489195,14245.787878787878,14245.914847161572,14248.430379746835,14242.336842105264
