Time (seconds),Fraction of Read Requests
0,0
0.375026051,0.1226478494623656
0.750052102,0.12029569892473119
1.125078153,0.12913014160485503
1.500104204,0.12766677954622419
1.8751302550000002,0.12457798784604997
2.250156306,0.12743125419181758
2.6251823570000004,0.12798922196025597
3.000208408,0.11144883485309018
3.375234459,0.12348993288590604
3.7502605100000004,0.1296916890080429
4.125286561,0.12504213009774182
4.500312612,0.1198919284025667
4.875338663,0.11519029976423038
5.250364714000001,0.12558764271323036
5.625390765000001,0.12243525058863101
6.000416816,0.1111111111111111
6.375442867,0.24024226110363392
6.750468918,0.24447421299397187
7.125494969000001,0.2437542201215395
7.500521020000001,0.25161071549677855
7.875547071000001,0.24327052489905787
8.250573122,0.2665995975855131
8.625599173000001,0.22308471144110698
9.000625224,0.2533783783783784
9.375651275000001,0.23066577000672495
9.750677326,0.2125878808168731
10.125703377,0.2126010781671159
10.500729428000001,0.22590463307406156
10.875755479,0.2127016129032258
11.250781530000001,0.20770519262981574
11.625807581,0.22080107707842478
12.000833632,0.21700978737765778
12.375859683000002,0.21006711409395973
12.750885734,0.20830542531815138
13.125911785000001,0.20397842211732975
13.500937836,0.21191604603926878
13.875963887000001,0.21079258010118043
14.250989938000002,0.20907563025210085
14.626015989,0.2082912032355915
