Time (seconds),Fraction of Read Requests
0,0
0.375034468,0.11458333333333333
0.750068936,0.12858589267634155
1.125103404,0.11673414304993253
1.500137872,0.10924932975871314
1.87517234,0.12709590878604962
2.250206808,0.11818181818181818
2.625241276,0.12664196699225327
3.000275744,0.11963806970509383
3.375310212,0.12365951742627346
3.75034468,0.11722972972972973
4.125379148,0.1078894133513149
4.500413616,0.11301715438950555
4.875448084,0.1170355466130114
5.250482552,0.12377740303541315
5.62551702,0.11355187563366002
6.000551488,0.11096121416526138
6.375585956,0.2304333221363789
6.750620424,0.2428619415518979
7.125654892,0.24299696253796826
7.50068936,0.2338409475465313
7.875723828,0.2640750670241287
8.250758296,0.2448427460263781
8.625792764,0.23056118999323869
9.000827232,0.24932614555256064
9.3758617,0.24680993955674949
9.750896168,0.23614864864864865
10.125930636,0.23487664751605272
10.500965104,0.24873779872096938
10.875999572,0.22769953051643194
11.25103404,0.24932523616734142
11.626068508,0.2305621003029283
12.001102976,0.22255994596420128
12.376137444000001,0.2306402950050285
12.751171912,0.2323777403035413
13.126206380000001,0.24983027834351662
13.501240848,0.23806321452589105
13.876275316000001,0.21629778672032193
14.251309784,0.21507909794681926
14.626344252,0.2344384303112314
