Time (seconds),Read Transactions,Insert Transactions
0,0,0
0.375034468,7935.270632244928,263.9757367581478
0.750068936,7900.607151660524,263.9757367581478
1.125103404,7903.27357324394,215.98014825666635
1.500137872,7956.602004912253,167.98455975518496
1.87517234,7951.269161745421,215.98014825666635
2.250206808,7919.272102744433,215.98014825666635
2.625241276,7916.605681161018,159.98529500493805
3.000275744,7956.602004912253,183.98308925567875
3.375310212,7956.602004912253,191.98235400592566
3.75034468,7892.607886910277,287.9735310088885
4.125379148,7908.606416410771,191.98235400592566
4.500413616,7927.27136749468,271.97500150839466
4.875448084,7951.269161745421,207.98088350641947
5.250482552,7905.939994827355,239.97794250740708
5.62551702,7889.941465326861,271.97500150839466
6.000551488,7905.939994827355,311.97132525962917
6.375585956,7937.937053828343,247.977207257654
6.750620424,7937.937053828343,159.98529500493805
7.125654892,7900.607151660524,223.97941300691326
7.50068936,7879.275778993199,391.9639727620982
7.875723828,7956.602004912253,215.98014825666635
8.250758296,7884.60862216003,287.9735310088885
8.625792764,7887.275043743446,279.9742662586416
9.000827232,7913.939259577603,279.9742662586416
9.3758617,7940.603475411758,263.9757367581478
9.750896168,7892.607886910277,279.9742662586416
10.125930636,7889.941465326861,263.9757367581478
10.500965104,7921.938524327849,247.977207257654
10.875999572,7951.269161745421,231.97867775716017
11.25103404,7903.27357324394,239.97794250740708
11.626068508,7921.938524327849,191.98235400592566
12.001102976,7895.274308493693,335.9691195103699
12.376137444000001,7953.935583328836,215.98014825666635
12.751171912,7905.939994827355,231.97867775716017
13.126206380000001,7855.277984742458,343.9683842606168
13.501240848,7929.937789078096,271.97500150839466
13.876275316000001,7951.269161745421,215.98014825666635
14.251309784,7921.938524327849,191.98235400592566
14.626344252,7881.942200576615,327.969854760123
