Time (seconds),Node1,Node2,Node3,Node4,Node5,Node6,Node7
0,0,0,0,0,0,0,0
0.375034468,1151.894124035554,1285.2152032063357,1218.554663620945,1015.9066232813566,1045.2372606989286,1135.8955945350601,1082.5671628667474
0.750068936,1165.2262319526321,1250.5517226219324,1311.879419040492,994.5752506140316,1066.5686333662536,1037.2379959486816,1074.5678981165006
1.125103404,1074.5678981165006,1191.8904477867884,1343.8764780414797,1034.571574365266,1183.8911830365416,989.2424074472003,1085.233584450163
1.500137872,1157.2269672023851,1205.2225557038666,1367.8742722922202,1157.2269672023851,1127.8963297848131,1071.9014765330849,869.2534361934968
1.87517234,1173.2254967028791,1202.556134120451,1354.5421643751422,1013.240201697941,1066.5686333662536,1037.2379959486816,1103.8985355340726
2.250206808,1191.8904477867884,1255.8845657887637,1261.217408955595,1058.5693686160068,1178.5583398697104,1031.9051527818503,941.2468189457188
2.625241276,1082.5671628667474,1253.2181442053482,1349.209321208311,970.5774563632908,1125.2299082013976,1082.5671628667474,1053.2365254491756
3.000275744,1101.2321139506569,1298.547311123414,1314.5458406239077,1015.9066232813566,1162.5598103692164,1079.9007412833319,983.909564280369
3.375310212,1170.5590751194634,1237.2196147048542,1255.8845657887637,1066.5686333662536,1138.5620161184759,1023.9058880316035,1063.902211782838
3.75034468,1125.2299082013976,1133.2291729516446,1319.878683790739,1026.572309615019,1173.2254967028791,986.5759858637846,1127.8963297848131
4.125379148,1125.2299082013976,1149.2277024521384,1333.2107917078172,997.2416721974472,1154.5605456189696,1050.5701038657598,1098.5656923672414
4.500413616,1114.5642218677351,1247.8853010385167,1293.2144679565827,1050.5701038657598,1111.8978002843194,1023.9058880316035,1085.233584450163
4.875448084,1186.5576046199571,1269.216673705842,1319.878683790739,1031.9051527818503,1047.903682282344,1061.2357901994224,1034.571574365266
5.250482552,1183.8911830365416,1125.2299082013976,1327.8779485409857,1117.2306434511506,1034.571574365266,946.5796621125501,1170.5590751194634
5.62551702,1087.9000060335786,1199.8897125370354,1333.2107917078172,1034.571574365266,1117.2306434511506,1015.9066232813566,1101.2321139506569
6.000551488,1101.2321139506569,1221.2210852043604,1378.539958625883,1095.8992707838256,1127.8963297848131,965.2446131964596,1015.9066232813566
6.375585956,1045.2372606989286,1279.8823600395044,1383.8728017927142,1098.5656923672414,1085.233584450163,975.9102995301221,1069.2350549496693
6.750620424,1125.2299082013976,1314.5458406239077,1309.2129974570764,1005.2409369476941,1114.5642218677351,1053.2365254491756,1015.9066232813566
7.125654892,1157.2269672023851,1197.2232909536197,1314.5458406239077,1015.9066232813566,1106.5649571174881,1047.903682282344,1061.2357901994224
7.50068936,1103.8985355340726,1183.8911830365416,1274.5495168726732,1165.2262319526321,1058.5693686160068,1045.2372606989286,1047.903682282344
7.875723828,1306.5465758736607,1231.886771538023,1263.8838305390107,1122.5634866179819,1087.9000060335786,935.9139757788876,1007.9073585311097
8.250758296,1167.8926535360476,1290.548046373167,1234.5531931214387,1026.572309615019,1149.2277024521384,938.5803973623032,1077.234319699916
8.625792764,1037.2379959486816,1226.5539283711917,1383.8728017927142,986.5759858637846,1157.2269672023851,978.5767211135377,1117.2306434511506
9.000827232,1173.2254967028791,1149.2277024521384,1293.2144679565827,1055.902947032591,1189.224026203373,1021.2394664481878,1031.9051527818503
9.3758617,1159.8933887858009,1221.2210852043604,1242.5524578716854,970.5774563632908,1183.8911830365416,1053.2365254491756,1109.2313787009039
9.750896168,1149.2277024521384,1309.2129974570764,1237.2196147048542,973.2438779467064,1186.5576046199571,973.2438779467064,1063.902211782838
10.125930636,1111.8978002843194,1258.5509873721794,1415.8698607937017,1069.2350549496693,1066.5686333662536,949.2460836959658,1018.5730448647722
10.500965104,1186.5576046199571,1274.5495168726732,1317.2122622073232,1015.9066232813566,1189.224026203373,959.9117700296283,978.5767211135377
10.875999572,1095.8992707838256,1199.8897125370354,1354.5421643751422,1135.8955945350601,1119.8970650345664,991.908829030616,1053.2365254491756
11.25103404,1229.2203499546074,1159.8933887858009,1303.8801542902452,1093.23284920041,1071.9014765330849,991.908829030616,1053.2365254491756
11.626068508,1162.5598103692164,1261.217408955595,1298.547311123414,1002.5745153642785,1154.5605456189696,965.2446131964596,1077.234319699916
12.001102976,1117.2306434511506,1237.2196147048542,1279.8823600395044,1026.572309615019,1157.2269672023851,1047.903682282344,1029.2387311984348
12.376137444000001,1167.8926535360476,1215.8882420375292,1311.879419040492,1029.2387311984348,1125.2299082013976,1018.5730448647722,1085.233584450163
12.751171912,1151.894124035554,1258.5509873721794,1309.2129974570764,994.5752506140316,1098.5656923672414,999.9080937808628,1093.23284920041
13.126206380000001,1162.5598103692164,1269.216673705842,1226.5539283711917,1063.902211782838,1237.2196147048542,919.9154462783938,975.9102995301221
13.501240848,1213.2218204541136,1242.5524578716854,1325.2115269575702,1007.9073585311097,1093.23284920041,946.5796621125501,1101.2321139506569
13.876275316000001,1021.2394664481878,1261.217408955595,1341.210056458064,1061.2357901994224,1191.8904477867884,1042.5708391155129,1031.9051527818503
14.251309784,1077.234319699916,1165.2262319526321,1367.8742722922202,997.2416721974472,1183.8911830365416,1007.9073585311097,1122.5634866179819
14.626344252,1167.8926535360476,1186.5576046199571,1327.8779485409857,957.2453484462127,1199.8897125370354,1037.2379959486816,1005.2409369476941
