Time (seconds),Total Hits Per Second,Total Misses Per Second
0,0,0
0.375034468,7271.331657974434,909.2497599447313
0.750068936,7146.009843553899,1015.9066232813566
1.125103404,7194.005432055381,922.5818678618094
1.500137872,7271.331657974434,869.2534361934968
1.87517234,7159.341951470978,1010.5737801145253
2.250206808,7178.006902554887,935.9139757788876
2.625241276,7151.342686720731,1002.5745153642785
3.000275744,7183.339745721719,951.9125052793814
3.375310212,7138.010578803653,983.909564280369
3.75034468,7215.336804722706,925.248289445225
4.125379148,7226.002491056369,853.2549066930029
4.500413616,7159.341951470978,895.917652027653
4.875448084,7180.673324138303,930.5811326120563
5.250482552,7095.347833469003,978.5767211135377
5.62551702,7138.010578803653,895.917652027653
6.000551488,7140.677000387068,877.2527009437437
6.375585956,6250.092191526246,2023.8139818124664
6.750620424,6140.768906606206,2165.1343257334947
7.125654892,6044.777729603243,2013.1482954788037
7.50068936,6250.092191526246,2271.7911890701203
7.875723828,6012.780670602255,2341.118150238927
8.250758296,6044.777729603243,2130.4708451490915
8.625792764,6231.427240442337,2191.7985415676512
9.000827232,6044.777729603243,2229.1284437354702
9.3758617,6402.078221780937,1959.8198638104911
9.750896168,6434.075280781925,1863.8286868075284
10.125930636,6375.414005946781,1853.1630004738656
10.500965104,6204.763024608181,1970.4855501441536
10.875999572,6484.737290866822,1810.5002551392156
11.25103404,6306.087044777974,1970.4855501441536
11.626068508,6415.410329698016,1826.4987846397094
12.001102976,6388.746113863859,1757.1718234709028
12.376137444000001,6471.405182949744,1834.4980493899563
12.751171912,6348.749790112625,1837.1644709733719
13.126206380000001,6178.098808774024,1962.4862853939067
13.501240848,6314.086309528222,1887.8264810582689
13.876275316000001,6530.066457784888,1719.841921303084
14.251309784,6452.740231865834,1703.8433918025903
14.626344252,6335.417682195547,1847.8301573070344
